 0194     1.3155     1.7420     1.4760     112.50     5.9280      97.01
 0194     1.3173     1.7380     1.4840     112.75     5.9050      96.72
 010594     1.3180     1.7410     1.4870     113.10     5.9070      96.75
 010694     1.3215     1.7425     1.4855     112.75     5.9200      96.78
 010794     1.3235     1.7317     1.4900     111.97     5.8910      96.35
 011094     1.3181     1.7343     1.4923     112.38     5.9110      96.55
 011194     1.3219     1.7395     1.4905     112.35     5.9180      96.71
 011294     1.3208     1.7350     1.5018     112.40     5.8970      96.39
 011394     1.3209     1.7508     1.4957     111.92     5.9410      96.87
 011494     1.3205     1.7510     1.4913     111.24     5.9410      96.87
 011894     1.3157     1.7465     1.4965     110.75     5.9325      96.51
 011994     1.3110     1.7465     1.4910     110.85     5.9370      96.56
 012094     1.3103     1.7368     1.5000     111.60     5.9100      96.28
 012194     1.3115     1.7470     1.4948     111.25     5.9320      96.57
 012494     1.3110     1.7505     1.4905     111.80     5.9410      96.76
 012594     1.3117     1.7538     1.4930     111.15     5.9420      96.66
 012694     1.3133     1.7468     1.4940     110.28     5.9310      96.38
 012794     1.3115     1.7453     1.4930     109.62     5.9270      96.26
 012894     1.3240     1.7330     1.4995     109.45     5.8950      95.89
 013194     1.3270     1.7399     1.5005     108.72     5.9070      95.94
 020194     1.3308     1.7315     1.5030     108.05     5.8780      95.57
 020294     1.3277     1.7335     1.4953     108.03     5.8875      95.71
 0294     1.3278     1.7370     1.4930     108.18     5.8970      95.82
 0294     1.3343     1.7515     1.4790     108.98     5.9370      96.47
 020794     1.3418     1.7605     1.4825     108.56     5.9710      96.78
 020894     1.3423     1.7627     1.4718     108.66     5.9785      96.99
 020994     1.3447     1.7580     1.4615     107.89     5.9650      96.80
 021094     1.3416     1.7540     1.4622     108.45     5.9590      96.79
 021194     1.3430     1.7531     1.4648     107.67     5.9580      96.67
 021494     1.3536     1.7431     1.4708     104.08     5.9225      95.91
 021594     1.3546     1.7275     1.4750     103.95     5.8870      95.41
 021694     1.3508     1.7242     1.4755     103.80     5.8730      95.29
 021794     1.3406     1.7309     1.4770     104.20     5.8760      95.37
 021894     1.3387     1.7185     1.4791     104.15     5.8420      94.92
 022294     1.3425     1.7255     1.4784     105.27     5.8650      95.32
 022394     1.3400     1.7292     1.4755     105.80     5.8740      95.54
 022494     1.3475     1.7210     1.4847     105.15     5.8462      95.20
 022594     1.3516     1.7090     1.4875     104.63     5.8080      94.84
 022894     1.3522     1.7038     1.4875     104.22     5.7890      94.59
 0194     1.3498     1.7120     1.4854     104.80     5.8300      95.04
 0294     1.3534     1.7030     1.4944     103.70     5.8030      94.55
 94     1.3561     1.7075     1.4964     103.73     5.8070      94.62
 94     1.3575     1.7180     1.4895     105.60     5.8400      95.25
 0794     1.3569     1.7175     1.4920     105.73     5.8350      95.22
 0894     1.3573     1.7165     1.4877     105.30     5.8325      95.20
 0994     1.3522     1.7085     1.4915     105.88     5.8090      95.01
 1094     1.3577     1.6875     1.5008     105.70     5.7510      94.24
 1194     1.3617     1.6767     1.5010     105.05     5.7010      93.74
 1494     1.3600     1.6909     1.4943     106.00     5.7470      94.39
 1594     1.3640     1.6943     1.4925     105.97     5.7620      94.53
 1694     1.3623     1.6885     1.4927     105.85     5.7470      94.32
 1794     1.3656     1.6845     1.4947     105.82     5.7390      94.21
 1894     1.3695     1.6908     1.4925     106.05     5.7655      94.50
 2194     1.3642     1.6978     1.4838     106.25     5.7940      94.81
 2294     1.3665     1.6872     1.4865     106.00     5.7660      94.48
 2394     1.3640     1.6858     1.4937     106.40     5.7610      94.38
 2494     1.3726     1.6680     1.4948     105.52     5.7130      93.80
 2594     1.3753     1.6670     1.4975     104.85     5.7140      93.65
 2894     1.3748     1.6725     1.4965     104.12     5.7145      93.59
 2994     1.3775     1.6750     1.4850     103.45     5.7320      93.76
 3094     1.3794     1.6740     1.4823     103.07     5.7250      93.62
 3194     1.3838     1.6680     1.4880     102.40     5.7000      93.17
 0194     1.3890     1.6950     1.4735     103.75     5.7890      94.39
 94     1.3954     1.6975     1.4680     103.30     5.7970      94.52
 0594     1.3841     1.7110     1.4621     103.85     5.8480      95.08
 0694     1.3840     1.7152     1.4686     104.45     5.8690      95.27
 0794     1.3865     1.7185     1.4684     104.85     5.8850      95.33
 0894     1.3817     1.7110     1.4763     105.02     5.8650      95.01
 1194     1.3880     1.7115     1.4715     103.45     5.8620      94.85
 1294     1.3795     1.7198     1.4745     103.62     5.8780      95.08
 1394     1.3763     1.7115     1.4770     103.57     5.8560      94.78
 1494     1.3797     1.7090     1.4765     104.15     5.8470      94.83
 1594     1.3851     1.7117     1.4729     103.60     5.8575      94.94
 1894     1.3887     1.7190     1.4725     103.40     5.8820      95.16
 1994     1.3865     1.7008     1.4775     103.23     5.8380      94.56
 2094     1.3858     1.6950     1.4858     103.30     5.8180      94.31
 2194     1.3812     1.6900     1.4948     103.65     5.7930      94.05
 2294     1.3785     1.6935     1.4880     103.60     5.8080      94.19
 2594     1.3815     1.6788     1.4915     103.26     5.7635      93.67
 2694     1.3733     1.6785     1.5037     102.95     5.7650      93.48
 2794     1.3753     1.6705     1.5055     102.35     5.7372      93.13
 2894     1.3805     1.6671     1.5075     101.77     5.7195      92.88
 2994     1.3818     1.6610     1.5118     102.05     5.6800      92.59
 050294     1.3830     1.6473     1.5187     101.79     5.6395      92.08
 0594     1.3840     1.6405     1.5130     101.20     5.6220      91.86
 0594     1.3863     1.6590     1.4995     102.00     5.6806      92.76
 050594     1.3847     1.6666     1.4980     102.70     5.7120      93.10
 050694     1.3836     1.6630     1.4935     102.72     5.7020      92.96
 050994     1.3797     1.6540     1.4975     102.70     5.6695      92.60
 051094     1.3784     1.6715     1.4905     104.00     5.7280      93.40
 051194     1.3781     1.6715     1.4911     104.42     5.7320      93.48
 051294     1.3808     1.6682     1.4995     104.23     5.7220      93.30
 051394     1.3785     1.6700     1.4985     104.90     5.7265      93.43
 051694     1.3756     1.6739     1.5025     104.80     5.7395      93.54
 051794     1.3790     1.6655     1.5065     104.37     5.7090      93.12
 051894     1.3778     1.6570     1.5085     103.55     5.6690      92.65
 051994     1.3738     1.6548     1.5080     104.25     5.6705      92.67
 052094     1.3768     1.6470     1.5098     103.97     5.6325      92.37
 052394     1.3790     1.6455     1.5055     104.33     5.6290      92.48
 052494     1.3786     1.6535     1.5058     104.90     5.6580      92.82
 052594     1.3825     1.6450     1.5095     104.50     5.6270      92.52
 052694     1.3865     1.6435     1.5108     104.45     5.6180      92.48
 052794     1.3864     1.6440     1.5095     104.30     5.6185      92.44
 053194     1.3845     1.6448     1.5120     104.74     5.6235      92.55
 060194     1.3860     1.6445     1.5172     104.70     5.6240      92.55
 060294     1.3855     1.6537     1.5082     104.98     5.6460      92.91
 0694     1.3831     1.6684     1.5055     105.38     5.6990      93.52
 060694     1.3745     1.6675     1.5083     105.25     5.6880      93.37
 060794     1.3710     1.6665     1.5080     104.90     5.6940      93.30
 060894     1.3756     1.6710     1.5063     104.05     5.6880      93.34
 060994     1.3740     1.6750     1.5067     104.45     5.6970      93.49
 061094     1.3745     1.6655     1.5084     103.70     5.6630      93.04
 061394     1.3812     1.6470     1.5202     103.00     5.6180      92.37
 061494     1.3860     1.6435     1.5192     102.50     5.6090      92.19
 061594     1.3882     1.6357     1.5194     102.78     5.5825      91.96
 061694     1.3928     1.6317     1.5200     103.28     5.5700      92.00
 061794     1.3925     1.6115     1.5307     102.75     5.5150      91.15
 062094     1.3940     1.6010     1.5385     101.90     5.4680      90.64
 062194     1.3805     1.5930     1.5405     101.78     5.4485      90.23
 062294     1.3850     1.6060     1.5315     101.17     5.4945      90.67
 062394     1.3853     1.6008     1.5415     101.10     5.4765      90.40
 062494     1.3898     1.5865     1.5519     100.50     5.4415      89.81
 062794     1.3875     1.5780     1.5495     100.05     5.4080      89.44
 062894     1.3864     1.5810     1.5512     100.03     5.4200      89.55
 062994     1.3840     1.5837     1.5462      98.82     5.4275      89.58
 063094     1.3825     1.5850     1.5483      98.51     5.4355      89.59
 070194     1.3822     1.5925     1.5390      98.51     5.4570      89.98
 070594     1.3891     1.5835     1.5415      98.87     5.4270      89.75
 070694     1.3849     1.5692     1.5505      98.23     5.3900      89.15
 070794     1.3885     1.5740     1.5421      98.86     5.4000      89.46
 070894     1.3903     1.5660     1.5445      98.10     5.3840      89.06
 071194     1.3910     1.5358     1.5645      97.37     5.2800      87.72
 071294     1.3837     1.5215     1.5725      96.81     5.2220      86.97
 071394     1.3814     1.5355     1.5675      97.90     5.2630      87.62
 071494     1.3820     1.5490     1.5615      98.40     5.3070      88.22
 071594     1.3790     1.5565     1.5574      98.10     5.3440      88.55
 071894     1.3780     1.5460     1.5622      98.51     5.3055      88.22
 071994     1.3800     1.5658     1.5513      99.20     5.3650      89.05
 072094     1.3815     1.5620     1.5493      98.55     5.3550      88.86
 072194     1.3785     1.5752     1.5395      98.55     5.3975      89.38
 072294     1.3780     1.5923     1.5310      98.55     5.4460      90.02
 072594     1.3787     1.5907     1.5320      98.95     5.4340      89.98
 072694     1.3807     1.5870     1.5244      98.03     5.4150      89.83
 072794     1.3797     1.5755     1.5306      98.18     5.3850      89.45
 072894     1.3808     1.5822     1.5317      99.18     5.4075      89.82
 072994     1.3835     1.5875     1.5415     100.05     5.4195      90.01
 080194     1.3885     1.5775     1.5368      99.35     5.3935      89.69
 080294     1.3896     1.5793     1.5378     100.37     5.4000      89.83
 0894     1.3883     1.5810     1.5395     100.42     5.4060      89.80
 0894     1.3869     1.5815     1.5387     100.20     5.4120      89.85
 080594     1.3882     1.5803     1.5425     100.37     5.4140      89.81
 080894     1.3800     1.5803     1.5422     101.33     5.4120      89.87
 080994     1.3747     1.5820     1.5385     101.20     5.4170      89.96
 081094     1.3753     1.5772     1.5393     101.20     5.4020      89.84
 081194     1.3780     1.5775     1.5395     100.85     5.4080      89.91
 081294     1.3819     1.5585     1.5450     100.27     5.3520      89.28
 081594     1.3802     1.5510     1.5422     100.10     5.3230      88.96
 081694     1.3796     1.5507     1.5427     100.31     5.3240      88.98
 081794     1.3768     1.5557     1.5400     100.31     5.3335      89.14
 081894     1.3792     1.5470     1.5450      98.85     5.3090      88.65
 081994     1.3757     1.5400     1.5490      98.57     5.2800      88.22
 082294     1.3755     1.5305     1.5510      98.01     5.2470      87.75
 082394     1.3775     1.5391     1.5535      98.40     5.2760      88.11
 082494     1.3746     1.5462     1.5535      98.62     5.2940      88.33
 082594     1.3730     1.5470     1.5535      99.71     5.3010      88.48
 082694     1.3700     1.5670     1.5355     100.40     5.3670      89.43
 082994     1.3693     1.5789     1.5340     100.05     5.4060      89.77
 083094     1.3673     1.5775     1.5350      99.63     5.4000      89.57
 083194     1.3712     1.5795     1.5362     100.11     5.4080      89.68
 090194     1.3682     1.5742     1.5445      99.63     5.3905      89.37
 090294     1.3665     1.5572     1.5475      99.20     5.3290      88.71
 090694     1.3680     1.5441     1.5487      98.77     5.2960      88.28
 090794     1.3685     1.5487     1.5462      99.25     5.3120      88.52
 090894     1.3710     1.5584     1.5436      99.48     5.3400      88.90
 090994     1.3674     1.5390     1.5503      99.20     5.2720      88.09
 091294     1.3662     1.5405     1.5696      99.00     5.2780      87.91
 091394     1.3537     1.5475     1.5623      98.96     5.2940      88.12
 091494     1.3516     1.5395     1.5673      99.05     5.2680      87.81
 091594     1.3540     1.5477     1.5630      99.45     5.2885      88.11
 091694     1.3515     1.5345     1.5840      98.72     5.2520      87.38
 091994     1.3517     1.5521     1.5660      98.58     5.3060      88.11
 092094     1.3443     1.5550     1.5745      97.79     5.3070      87.93
 092194     1.3430     1.5481     1.5780      97.92     5.2895      87.70
 092294     1.3433     1.5473     1.5760      98.05     5.2910      87.78
 092394     1.3458     1.5441     1.5813      97.70     5.2780      87.57
 092694     1.3473     1.5558     1.5745      98.65     5.3120      88.10
 092794     1.3478     1.5493     1.5775      98.37     5.2865      87.81
 092894     1.3410     1.5495     1.5760      98.77     5.2870      87.88
 092994     1.3425     1.5478     1.5800      98.67     5.2800      87.75
 093094     1.3410     1.5508     1.5770      99.05     5.2915      87.92
 1094     1.3457     1.5547     1.5785      99.50     5.3040      88.13
 1094     1.3450     1.5508     1.5783      99.65     5.2960      88.00
 100594     1.3472     1.5425     1.5860      99.47     5.2720      87.72
 100694     1.3477     1.5445     1.5875      99.65     5.2790      87.77
 100794     1.3485     1.5453     1.5865     100.37     5.2840      87.91
 101194     1.3438     1.5480     1.5780     100.50     5.2950      88.12
 101294     1.3477     1.5425     1.5810      99.95     5.2775      87.86
 101394     1.3488     1.5405     1.5815      99.75     5.2800      87.77
 101494     1.3540     1.5200     1.5910      98.43     5.2095      86.86
 101794     1.3565     1.5005     1.6100      97.68     5.1530      85.98
 101894     1.3550     1.5015     1.6135      97.79     5.1550      85.97
 101994     1.3548     1.5028     1.6180      97.30     5.1540      85.90
 102094     1.3550     1.5015     1.6215      97.20     5.1470      85.80
 102194     1.3543     1.4988     1.6255      97.37     5.1375      85.71
 102494     1.3525     1.4970     1.6275      97.20     5.1330      85.59
 102594     1.3495     1.4920     1.6365      96.95     5.1120      85.29
 102694     1.3475     1.4955     1.6320      97.05     5.1170      85.43
 102794     1.3490     1.4974     1.6368      96.95     5.1250      85.47
 102894     1.3502     1.5097     1.6230      97.40     5.1690      86.12
 103194     1.3527     1.5043     1.6350      96.90     5.1500      85.79
 110194     1.3545     1.4965     1.6320      96.77     5.1210      85.57
 110294     1.3555     1.5040     1.6345      97.00     5.1575      85.89
 1194     1.3573     1.5240     1.6125      98.20     5.2280      86.95
 1194     1.3576     1.5215     1.6105      97.65     5.2165      86.79
 110794     1.3556     1.5137     1.6160      97.24     5.1960      86.45
 110894     1.3575     1.5070     1.6210      96.93     5.1790      86.14
 110994     1.3535     1.5287     1.6050      97.78     5.2560      87.13
 111094     1.3588     1.5333     1.5992      97.92     5.2710      87.33
 111494     1.3578     1.5405     1.5880      98.07     5.3030      87.70
 111594     1.3632     1.5453     1.5840      98.28     5.3100      87.94
 111694     1.3650     1.5515     1.5715      98.37     5.3270      88.24
 111794     1.3654     1.5458     1.5770      98.10     5.3160      87.99
 111894     1.3675     1.5553     1.5680      98.50     5.3400      88.46
 112194     1.3669     1.5595     1.5660      98.41     5.3570      88.62
 112294     1.3762     1.5551     1.5695      98.19     5.3410      88.54
 112394     1.3735     1.5518     1.5725      98.27     5.3300      88.39
 112594     1.3761     1.5596     1.5630      98.75     5.3590      88.89
 112894     1.3785     1.5647     1.5630      98.59     5.3715      89.04
 112994     1.3777     1.5665     1.5643      98.95     5.3750      89.12
 113094     1.3752     1.5685     1.5670      98.91     5.3785      89.12
 120194     1.3754     1.5740     1.5652      99.40     5.3980      89.37
 120294     1.3720     1.5765     1.5602     100.39     5.4100      89.57
 120594     1.3732     1.5723     1.5590     100.32     5.3980      89.45
 120694     1.3732     1.5745     1.5610     100.35     5.4070      89.58
 120794     1.3799     1.5717     1.5641     100.13     5.4010      89.46
 120894     1.3835     1.5770     1.5632     100.41     5.4170      89.72
 120994     1.3848     1.5783     1.5602     100.22     5.4190      89.78
 121294     1.3860     1.5735     1.5637     100.04     5.4120      89.64
 121394     1.3872     1.5710     1.5605     100.32     5.4140      89.66
 121494     1.3875     1.5710     1.5612     100.30     5.4170      89.67
 121594     1.3875     1.5705     1.5630     100.26     5.4150      89.60
 121694     1.3885     1.5725     1.5630     100.28     5.4200      89.69
 121994     1.3941     1.5735     1.5622     100.15     5.4255      89.80
 122094     1.3946     1.5725     1.5600     100.32     5.4200      89.79
 122194     1.3945     1.5707     1.5595     100.23     5.4250      89.69
 122294     1.3985     1.5780     1.5462     100.45     5.4510      90.06
 122394     1.3991     1.5800     1.5445     100.22     5.4540      90.10
 122794     1.4005     1.5765     1.5450     100.46     5.4465      90.03
 122894     1.4035     1.5714     1.5435     100.33     5.4320      89.91
 122994     1.4078     1.5495     1.5602      99.65     5.3510      88.98
 123094     1.4030     1.5495     1.5665      99.60     5.3445      88.85
 0195     1.4035     1.5547     1.5624     100.52     5.3595      89.15
 0195     1.4030     1.5612     1.5605     101.40     5.3760      89.47
 010595     1.4005     1.5522     1.5635     100.97     5.3530      89.11
 010695     1.4008     1.5603     1.5518     101.37     5.3870      89.59
 010995     1.4060     1.5455     1.5573     100.33     5.3340      88.92
 011095     1.4123     1.5395     1.5585     100.40     5.3170      88.84
 011195     1.4140     1.5355     1.5592      99.90     5.3050      88.64
 011295     1.4165     1.5270     1.5715      98.80     5.2850      88.19
 011395     1.4112     1.5360     1.5670      98.77     5.3045      88.44
 011795     1.4215     1.5311     1.5680      99.00     5.2915      88.35
 011895     1.4217     1.5295     1.5707      99.55     5.2880      88.34
 011995     1.4220     1.5227     1.5750      99.43     5.2610      88.06
 012095     1.4238     1.5131     1.5877      99.40     5.2380      87.62
 012395     1.4195     1.5120     1.5955      99.75     5.2340      87.53
 012495     1.4148     1.5125     1.5960      99.64     5.2390      87.50
 012595     1.4149     1.5155     1.5932      99.60     5.2495      87.69
 012695     1.4148     1.5135     1.5908      99.31     5.2400      87.59
 012795     1.4152     1.5155     1.5885      99.35     5.2575      87.72
 013095     1.4193     1.5043     1.5935      98.40     5.2190      87.20
 013195     1.4092     1.5232     1.5815      99.43     5.2850      88.03
 020195     1.4109     1.5235     1.5805      99.40     5.2780      88.03
 020295     1.4065     1.5185     1.5830      99.50     5.2650      87.82
 0295     1.4029     1.5255     1.5643      99.75     5.2980      88.23
 020695     1.3985     1.5305     1.5600      99.30     5.2990      88.28
 020795     1.3955     1.5362     1.5570      99.42     5.3120      88.50
 020895     1.3950     1.5325     1.5523      98.98     5.3000      88.35
 020995     1.3988     1.5282     1.5565      98.85     5.2885      88.21
 021095     1.4020     1.5222     1.5627      98.86     5.2660      87.95
 021395     1.4028     1.5208     1.5635      98.66     5.2655      87.91
 021495     1.3995     1.5140     1.5575      98.65     5.2470      87.69
 021595     1.4047     1.5115     1.5605      98.52     5.2460      87.63
 021695     1.4100     1.4915     1.5775      97.55     5.1900      86.82
 021795     1.4055     1.4886     1.5765      97.48     5.1740      86.72
 021895     1.3995     1.4765     1.5815      97.30     5.1500      86.32
 022295     1.3987     1.4710     1.5860      97.03     5.1400      86.13
 022395     1.3943     1.4695     1.5930      96.80     5.1400      85.99
 022495     1.3940     1.4674     1.5885      97.10     5.1600      86.12
 022795     1.3965     1.4567     1.5835      96.75     5.1300      86.03
 022895     1.3937     1.4567     1.5840      96.60     5.1295      85.81
 0195     1.3965     1.4647     1.5843      96.75     5.1440      86.07
 0295     1.4040     1.4585     1.5910      95.81     5.1275      85.86
 95     1.4015     1.4353     1.6210      94.40     5.0570      84.82
 0695     1.4179     1.3985     1.6330      92.60     4.9570      83.42
 0795     1.4215     1.3740     1.6440      90.85     4.9215      82.39
 0895     1.4088     1.3935     1.6190      91.27     4.9600      83.14
 0995     1.4132     1.3935     1.6152      90.57     4.9575      83.08
 1095     1.4091     1.4123     1.5802      91.23     5.0230      84.07
 1395     1.4121     1.4075     1.5968      90.50     5.0200      83.88
 1495     1.4170     1.4134     1.5855      90.97     5.0125      84.05
 1595     1.4158     1.3855     1.6030      89.40     4.9360      82.94
 1695     1.4142     1.3972     1.5860      90.30     4.9720      83.59
 1795     1.4178     1.3855     1.5820      89.19     4.9535      83.34
 2095     1.4085     1.4014     1.5805      89.42     4.9900      83.77
 2195     1.4020     1.4165     1.5855      89.38     5.0025      83.95
 2295     1.4026     1.4063     1.5860      88.92     4.9750      83.67
 2395     1.4065     1.4073     1.5923      88.31     4.9760      83.68
 2495     1.4015     1.4185     1.5880      89.10     4.9950      84.09
 2795     1.4015     1.4057     1.5955      89.07     4.9440      83.44
 2895     1.4033     1.3915     1.6100      89.22     4.9175      83.01
 2995     1.4037     1.3840     1.6080      88.31     4.8760      82.67
 3095     1.3987     1.4115     1.5985      89.53     4.9120      83.67
 3195     1.3993     1.3785     1.6190      86.85     4.8100      82.11
 95     1.3990     1.3740     1.6160      86.25     4.8190      82.04
 95     1.3943     1.3841     1.6015      86.36     4.8500      82.41
 0595     1.3923     1.3805     1.6065      86.25     4.8340      82.21
 0695     1.3998     1.3760     1.6058      85.47     4.7910      81.92
 0795     1.3918     1.3840     1.6015      84.32     4.8085      81.94
 1095     1.3841     1.4095     1.5940      83.10     4.9000      82.68
 1195     1.3796     1.4020     1.5945      83.80     4.8865      82.52
 1295     1.3777     1.4043     1.5900      84.00     4.8930      82.70
 1395     1.3737     1.3898     1.6068      83.59     4.8520      81.96
 1495     1.3690     1.3913     1.6020      83.35     4.8575      81.98
 1795     1.3663     1.3695     1.6195      82.10     4.7900      80.92
 1895     1.3697     1.3650     1.6140      81.40     4.8060      80.90
 1995     1.3711     1.3565     1.6160      81.12     4.8240      80.76
 2095     1.3708     1.3810     1.6127      82.95     4.8810      81.86
 2195     1.3683     1.3750     1.6100      82.92     4.8840      81.65
 2495     1.3655     1.3745     1.6055      83.26     4.8525      81.60
 2595     1.3650     1.3680     1.6135      81.95     4.8220      81.01
 2695     1.3630     1.3775     1.6105      83.98     4.8640      81.70
 2795     1.3633     1.3760     1.6162      83.58     4.8750      81.51
 2895     1.3597     1.3856     1.6091      84.04     4.9160      81.82
 050195     1.3555     1.3900     1.6180      83.53     4.9495      81.81
 050295     1.3576     1.3790     1.6125      83.69     4.9195      81.57
 0595     1.3645     1.3742     1.6172      83.45     4.8930      81.36
 0595     1.3645     1.3688     1.6185      83.62     4.8760      81.14
 050595     1.3540     1.3721     1.5990      84.03     4.8960      81.32
 050895     1.3581     1.3635     1.6080      83.00     4.8375      80.73
 050995     1.3578     1.3725     1.5885      82.95     4.8500      81.09
 051095     1.3568     1.3915     1.5815      83.87     4.8810      81.76
 051195     1.3520     1.4290     1.5576      85.80     4.9920      83.31
 051295     1.3535     1.4465     1.5710      87.00     5.0620      84.15
 051595     1.3592     1.4445     1.5652      86.86     5.0610      84.07
 051695     1.3562     1.4360     1.5690      86.20     5.0580      83.69
 051795     1.3572     1.4370     1.5685      86.73     5.1085      83.97
 051895     1.3570     1.4570     1.5625      87.43     5.1680      84.79
 051995     1.3570     1.4402     1.5735      86.77     5.1060      84.09
 052295     1.3650     1.4403     1.5750      87.47     5.1060      84.24
 052395     1.3650     1.4465     1.5660      87.38     5.1340      84.65
 052495     1.3653     1.4385     1.5755      87.15     5.1100      84.17
 052595     1.3695     1.4040     1.6037      85.05     4.9860      82.45
 052695     1.3730     1.3793     1.6040      82.85     4.8600      81.33
 053095     1.3707     1.3878     1.6010      83.00     4.9000      81.57
 053195     1.3698     1.4140     1.5865      84.65     4.9570      82.70
 060195     1.3730     1.4176     1.5945      84.95     4.9840      82.82
 060295     1.3757     1.4187     1.5860      84.90     4.9820      82.92
 060595     1.3772     1.4050     1.5955      84.63     4.9180      82.22
 060695     1.3810     1.4162     1.5900      85.10     4.9665      82.79
 060795     1.3805     1.4050     1.5942      84.24     4.9500      82.37
 060895     1.3738     1.4152     1.5920      84.90     4.9800      82.77
 060995     1.3769     1.4035     1.5945      84.40     4.9250      82.25
 061295     1.3798     1.4010     1.5950      83.92     4.9310      82.28
 061395     1.3843     1.4060     1.5955      84.33     4.9450      82.51
 061495     1.3815     1.4010     1.6085      84.40     4.9140      82.13
 061595     1.3770     1.4125     1.5955      84.82     4.9495      82.69
 061695     1.3825     1.4015     1.6070      84.66     4.9175      82.28
 061995     1.3813     1.4043     1.5995      84.95     4.9170      82.45
 062095     1.3798     1.3943     1.6030      84.65     4.8925      82.04
 062195     1.3760     1.3915     1.6049      84.38     4.8800      81.84
 062295     1.3763     1.3991     1.5998      84.65     4.8990      82.14
 062395     1.3743     1.3878     1.6045      84.50     4.8645      81.65
 062695     1.3725     1.3927     1.5855      84.34     4.8835      81.96
 062795     1.3760     1.3835     1.5845      84.08     4.8650      81.67
 062895     1.3755     1.4015     1.5740      85.70     4.9150      82.58
 062995     1.3765     1.3840     1.5915      84.70     4.8470      81.71
 063095     1.3738     1.3835     1.5905      84.78     4.8525      81.78
 0795     1.3723     1.3805     1.5972      84.80     4.8370      81.55
 070595     1.3703     1.3803     1.5950      84.94     4.8280      81.52
 070695     1.3693     1.3822     1.5985      85.18     4.8365      81.60
 070795     1.3640     1.3927     1.5945      86.77     4.8530      82.02
 071095     1.3518     1.3965     1.5905      87.09     4.8580      82.14
 071195     1.3541     1.4037     1.5880      87.45     4.8750      82.46
 071295     1.3555     1.4025     1.5915      87.51     4.8770      82.38
 071395     1.3592     1.3920     1.6005      87.40     4.8580      82.03
 071495     1.3593     1.3919     1.5945      87.89     4.8490      82.11
 071795     1.3561     1.3948     1.5945      88.65     4.8545      82.26
 071895     1.3605     1.3876     1.5962      88.35     4.8320      82.04
 071995     1.3602     1.3873     1.5955      87.75     4.8220      81.97
 072095     1.3635     1.3798     1.5970      87.76     4.7980      81.70
 072195     1.3598     1.3868     1.5940      88.55     4.8225      81.88
 072495     1.3590     1.3840     1.5976      87.55     4.8070      81.69
 072595     1.3558     1.3945     1.5879      87.88     4.8390      82.10
 072695     1.3580     1.3880     1.5956      87.95     4.8140      81.80
 072795     1.3608     1.3820     1.5964      87.95     4.7930      81.60
 072895     1.3644     1.3798     1.6003      88.18     4.7755      81.49
 073195     1.3695     1.3852     1.5980      88.34     4.7840      81.73
 080195     1.3667     1.3816     1.5992      88.43     4.7765      81.60
 080295     1.3570     1.3985     1.5995      90.82     4.8190      82.35
 0895     1.3589     1.3900     1.6068      90.45     4.7870      81.88
 0895     1.3562     1.3935     1.6073      91.25     4.7990      82.06
 080795     1.3574     1.4063     1.6018      91.30     4.8510      82.62
 080895     1.3565     1.4098     1.6010      91.77     4.8680      82.84
 080995     1.3605     1.4070     1.6002      91.57     4.8640      82.76
 081095     1.3580     1.4220     1.5888      92.83     4.9095      83.43
 081195     1.3590     1.4345     1.5776      93.77     4.9390      84.02
 081495     1.3632     1.4355     1.5740      93.61     4.9470      84.15
 081595     1.3607     1.4740     1.5553      96.68     5.0540      85.91
 081695     1.3590     1.4750     1.5515      97.80     5.0505      86.02
 081795     1.3590     1.4782     1.5345      97.85     5.0648      86.30
 081895     1.3593     1.4730     1.5430      96.95     5.0475      85.96
 082195     1.3592     1.4717     1.5405      96.55     5.0434      85.85
 082295     1.3578     1.4842     1.5355      96.73     5.0785      86.29
 082395     1.3585     1.4815     1.5415      96.50     5.0790      86.12
 082495     1.3565     1.4765     1.5432      96.55     5.0705      85.92
 082595     1.3461     1.4791     1.5418      96.64     5.0830      86.01
 082895     1.3405     1.4625     1.5525      96.60     5.0510      85.50
 082995     1.3395     1.4715     1.5453      97.63     5.0690      85.94
 083095     1.3373     1.4758     1.5440      98.95     5.0750      86.17
 083195     1.3432     1.4679     1.5515      97.75     5.0450      85.75
 090195     1.3435     1.4655     1.5533      97.49     5.0530      85.66
 090595     1.3430     1.4633     1.5565      97.77     5.0515      85.63
 090695     1.3393     1.4787     1.5501      98.79     5.0940      86.20
 090795     1.3390     1.4762     1.5500      98.58     5.0885      86.09
 090895     1.3446     1.4803     1.5482      99.75     5.0878      86.29
 091195     1.3433     1.4718     1.5483      99.78     5.0790      86.03
 091295     1.3455     1.4708     1.5545     100.87     5.0850      86.08
 091395     1.3545     1.4930     1.5480     102.50     5.1390      87.03
 091495     1.3693     1.4854     1.5505     102.55     5.1260      86.88
 091595     1.3660     1.4875     1.5520     103.52     5.1180      86.98
 091895     1.3635     1.4860     1.5460     103.55     5.1125      86.99
 091995     1.3588     1.4854     1.5460     104.20     5.1105      86.97
 092095     1.3610     1.4672     1.5525     103.25     5.0570      86.29
 092195     1.3575     1.4350     1.5695     100.10     4.9495      84.74
 092295     1.3525     1.4110     1.5795      98.50     4.9050      83.87
 092595     1.3464     1.4277     1.5715      99.88     4.9470      84.48
 092695     1.3460     1.4378     1.5708     100.83     4.9520      84.64
 092795     1.3495     1.4271     1.5722     100.17     4.9160      84.41
 092895     1.3510     1.4219     1.5805      99.73     4.9075      84.18
 092995     1.3445     1.4295     1.5795      99.10     4.9250      84.30
 100295     1.3394     1.4291     1.5909     100.72     4.9320      84.39
 1095     1.3285     1.4410     1.5808     101.65     4.9705      84.91
 1095     1.3312     1.4332     1.5837     100.73     4.9575      84.50
 100595     1.3355     1.4270     1.5840     100.25     4.9500      84.32
 100695     1.3318     1.4260     1.5812     100.85     4.9985      84.50
 101095     1.3358     1.4188     1.5778     100.64     4.9620      84.27
 101195     1.3375     1.4255     1.5730     100.90     4.9660      84.49
 101295     1.3388     1.4218     1.5735     100.28     4.9540      84.28
 101395     1.3374     1.4308     1.5725     100.80     4.9790      84.62
 101695     1.3375     1.4206     1.5750     100.45     4.9560      84.27
 101795     1.3387     1.4145     1.5740     100.33     4.9655      84.10
 101895     1.3391     1.4220     1.5695     100.62     4.9870      84.39
 101995     1.3370     1.4113     1.5725     100.59     4.9530      83.95
 102095     1.3500     1.3988     1.5759     100.25     4.9220      83.64
 102395     1.3685     1.3855     1.5800      99.70     4.8865      83.31
 102495     1.3705     1.3869     1.5810     100.17     4.8805      83.36
 102595     1.3665     1.3935     1.5795     101.27     4.8990      83.64
 102695     1.3660     1.4027     1.5740     101.80     4.9250      83.95
 102795     1.3704     1.4008     1.5795     101.71     4.8720      83.71
 103095     1.3620     1.4040     1.5775     101.65     4.8830      83.77
 103195     1.3401     1.4074     1.5807     102.26     4.8860      83.78
 110195     1.3478     1.4150     1.5778     103.07     4.9170      84.15
 110295     1.3428     1.4180     1.5813     103.59     4.9000      84.23
 1195     1.3477     1.4151     1.5805     103.88     4.8875      84.13
 110695     1.3515     1.4140     1.5793     103.20     4.9010      84.16
 110795     1.3590     1.4176     1.5778     103.18     4.8880      84.25
 110895     1.3575     1.4175     1.5805     102.50     4.8810      84.10
 110995     1.3560     1.4120     1.5794     100.75     4.8700      83.78
 111095     1.3523     1.4125     1.5753     100.95     4.8720      83.82
 111395     1.3510     1.4186     1.5555     101.70     4.8915      84.28
 111495     1.3537     1.4140     1.5605     101.68     4.8765      84.06
 111595     1.3557     1.4025     1.5580     100.90     4.8430      83.63
 111695     1.3560     1.4100     1.5558     102.15     4.8650      84.01
 111795     1.3521     1.4020     1.5505     102.03     4.8410      83.72
 112095     1.3515     1.4100     1.5495     101.35     4.8610      83.90
 112195     1.3530     1.4098     1.5583     101.63     4.8655      83.86
 112295     1.3530     1.4058     1.5650     100.50     4.8510      83.50
 112495     1.3542     1.4183     1.5600     101.50     4.8780      84.07
 112795     1.3523     1.4370     1.5505     101.80     4.9250      84.71
 112895     1.3565     1.4315     1.5480     101.12     4.9110      84.43
 112995     1.3585     1.4357     1.5383     101.46     4.9340      84.77
 113095     1.3587     1.4468     1.5302     101.80     4.9930      85.31
 120195     1.3660     1.4440     1.5360     101.20     4.9880      85.18
 1295     1.3662     1.4385     1.5360     101.05     5.0000      85.08
 120595     1.3672     1.4370     1.5410     101.42     4.9690      84.94
 120695     1.3658     1.4449     1.5422     101.37     4.9700      85.09
 120795     1.3685     1.4435     1.5353     101.40     4.9705      85.15
 120895     1.3756     1.4465     1.5329     100.95     4.9820      85.25
 121195     1.3802     1.4440     1.5348     101.07     4.9830      85.30
 121295     1.3774     1.4488     1.5313     101.85     5.0030      85.56
 121395     1.3764     1.4505     1.5325     101.75     5.0265      85.63
 121495     1.3745     1.4407     1.5410     101.50     4.9635      85.09
 121595     1.3745     1.4425     1.5395     102.14     4.9615      85.18
 121895     1.3761     1.4310     1.5390     101.70     4.9300      84.81
 121995     1.3770     1.4385     1.5420     101.85     4.9430      85.01
 122095     1.3675     1.4419     1.5373     102.00     4.9550      85.11
 122195     1.3620     1.4399     1.5388     101.81     4.9370      84.95
 122295     1.3637     1.4386     1.5425     102.60     4.9340      85.00
 122695     1.3613     1.4335     1.5555     102.38     4.9110      84.66
 122795     1.3601     1.4310     1.5600     102.80     4.8855      84.55
 122895     1.3605     1.4420     1.5390     102.87     4.9200      85.05
 122995     1.3655     1.4345     1.5535     103.28     4.8975      84.77
 010296     1.3577     1.4354     1.5565     103.92     4.9025      84.77
 0196     1.3530     1.4410     1.5517     104.35     4.9180      84.97
 0196     1.3541     1.4542     1.5463     106.41     4.9625      85.75
 010596     1.3573     1.4386     1.5520     105.13     4.9230      85.09
 010896     1.3609     1.4396     1.5495     105.80     4.9370      85.28
 010996     1.3616     1.4422     1.5475     104.90     4.9420      85.22
 011096     1.3649     1.4411     1.5456     105.28     4.9320      85.23
 011196     1.3645     1.4400     1.5445     104.80     4.9420      85.17
 011296     1.3625     1.4405     1.5487     105.07     4.9380      85.15
 011696     1.3667     1.4593     1.5380     105.88     4.9910      85.95
 011796     1.3690     1.4660     1.5255     105.38     5.0100      86.23
 011896     1.3640     1.4695     1.5228     105.44     5.0250      86.35
 011996     1.3652     1.4815     1.5093     105.40     5.0535      86.77
 012296     1.3690     1.4770     1.5135     105.76     5.0495      86.81
 012396     1.3710     1.4815     1.5135     105.80     5.0745      87.04
 012496     1.3705     1.4850     1.5092     106.92     5.0860      87.26
 012596     1.3768     1.4875     1.5075     106.90     5.1005      87.46
 012696     1.3822     1.4909     1.5030     106.60     5.1240      87.70
 012996     1.3815     1.4845     1.5063     106.80     5.1080      87.52
 013096     1.3775     1.4890     1.5037     107.29     5.1170      87.69
 013196     1.3743     1.4895     1.5096     106.95     5.1090      87.50
 020196     1.3738     1.4930     1.5132     107.08     5.1240      87.58
 020296     1.3749     1.4860     1.5190     106.70     5.1020      87.28
 020596     1.3780     1.4663     1.5352     105.02     5.0455      86.38
 020696     1.3735     1.4732     1.5402     105.54     5.0680      86.65
 020796     1.3667     1.4789     1.5365     106.20     5.0760      86.87
 020896     1.3697     1.4757     1.5374     106.90     5.0740      86.85
 020996     1.3725     1.4790     1.5318     107.10     5.0785      86.96
 021296     1.3728     1.4728     1.5308     106.67     5.0635      86.75
 021396     1.3722     1.4779     1.5340     106.93     5.0845      86.90
 021496     1.3789     1.4674     1.5371     106.77     5.0580      86.71
 021596     1.3792     1.4700     1.5385     106.18     5.0640      86.73
 021696     1.3820     1.4600     1.5487     105.35     5.0285      86.21
 022096     1.3815     1.4530     1.5445     106.10     5.0100      86.09
 022196     1.3788     1.4539     1.5425     105.25     5.0115      85.92
 022296     1.3757     1.4506     1.5435     104.95     5.0012      85.74
 022396     1.3772     1.4450     1.5410     104.73     4.9655      85.45
 022696     1.3752     1.4483     1.5400     104.33     4.9785      85.51
 022796     1.3745     1.4511     1.5398     104.37     4.9840      85.49
 022896     1.3745     1.4656     1.5335     104.47     5.0210      86.01
 022996     1.3728     1.4703     1.5320     105.12     5.0425      86.30
 0196     1.3710     1.4785     1.5273     105.70     5.0720      86.67
 96     1.3716     1.4765     1.5284     105.05     5.0615      86.47
 0596     1.3721     1.4752     1.5290     105.10     5.0550      86.47
 0696     1.3717     1.4762     1.5290     105.37     5.0560      86.53
 0796     1.3708     1.4793     1.5300     105.25     5.0660      86.58
 0896     1.3668     1.4877     1.5240     105.94     5.0915      86.97
 1196     1.3670     1.4805     1.5238     105.35     5.0710      86.70
 1296     1.3679     1.4779     1.5213     105.54     5.0590      86.61
 1396     1.3680     1.4748     1.5225     105.29     5.0530      86.53
 1496     1.3678     1.4742     1.5231     105.48     5.0520      86.52
 1596     1.3640     1.4742     1.5250     105.87     5.0525      86.52
 1896     1.3596     1.4765     1.5300     106.02     5.0520      86.46
 1996     1.3591     1.4757     1.5327     106.26     5.0425      86.39
 2096     1.3599     1.4733     1.5376     106.44     5.0490      86.31
 2196     1.3613     1.4776     1.5360     106.72     5.0673      86.56
 2296     1.3622     1.4765     1.5334     106.80     5.0675      86.55
 2596     1.3627     1.4787     1.5230     106.19     5.0630      86.57
 2696     1.3636     1.4766     1.5240     106.39     5.0510      86.56
 2796     1.3635     1.4868     1.5181     106.64     5.0695      86.96
 2896     1.3635     1.4760     1.5239     106.34     5.0375      86.53
 2996     1.3635     1.4766     1.5262     107.00     5.0365      86.59
 0196     1.3548     1.4825     1.5244     107.53     5.0530      86.79
 0296     1.3559     1.4814     1.5248     107.48     5.0510      86.70
 96     1.3570     1.4795     1.5260     106.94     5.0500      86.59
 96     1.3579     1.4807     1.5295     107.09     5.0360      86.57
 0596     1.3569     1.4843     1.5287     107.67     5.0590      86.80
 0896     1.3582     1.4772     1.5310     107.42     5.0350      86.52
 0996     1.3588     1.4927     1.5243     108.18     5.0790      87.18
 1096     1.3573     1.5007     1.5115     108.56     5.1000      87.57
 1196     1.3566     1.5030     1.5125     108.52     5.1060      87.59
 1296     1.3565     1.5040     1.5123     108.67     5.1105      87.67
 1596     1.3563     1.5105     1.5085     108.36     5.1255      87.88
 1696     1.3575     1.5109     1.5071     108.28     5.1310      87.93
 1796     1.3565     1.5065     1.5070     108.27     5.1185      87.79
 1896     1.3615     1.5077     1.5100     107.10     5.1125      87.65
 1996     1.3619     1.5070     1.5168     107.10     5.1090      87.56
 2296     1.3624     1.5158     1.5112     106.70     5.1300      87.71
 2396     1.3623     1.5194     1.5161     106.59     5.1320      87.74
 2496     1.3620     1.5219     1.5138     106.77     5.1390      87.89
 2596     1.3645     1.5293     1.5127     106.47     5.1635      88.18
 2696     1.3630     1.5285     1.5103     105.54     5.1592      88.03
 2996     1.3628     1.5230     1.5094     104.52     5.1415      87.74
 3096     1.3615     1.5302     1.5050     104.63     5.1665      88.04
 050196     1.3626     1.5345     1.4948     105.08     5.1785      88.30
 050296     1.3625     1.5298     1.5030     104.49     5.1665      88.09
 0596     1.3631     1.5267     1.5042     104.83     5.1620      87.99
 050696     1.3658     1.5267     1.5072     104.93     5.1580      87.98
 050796     1.3665     1.5217     1.5125     104.97     5.1460      87.79
 050896     1.3682     1.5162     1.5215     105.15     5.1270      87.59
 050996     1.3680     1.5165     1.5220     104.80     5.1420      87.60
 051096     1.3666     1.5275     1.5223     105.50     5.1700      87.97
 051396     1.3686     1.5323     1.5145     104.96     5.1840      88.08
 051496     1.3692     1.5350     1.5149     105.80     5.1955      88.27
 051596     1.3685     1.5324     1.5130     106.85     5.1910      88.33
 051696     1.3680     1.5348     1.5133     106.67     5.1970      88.39
 051796     1.3700     1.5279     1.5150     106.53     5.1775      88.12
 052096     1.3737     1.5343     1.5130     107.14     5.1935      88.44
 052196     1.3725     1.5415     1.5115     107.00     5.2190      88.72
 052296     1.3726     1.5395     1.5103     107.04     5.2150      88.70
 052396     1.3753     1.5405     1.5134     106.78     5.2160      88.68
 052496     1.3746     1.5440     1.5110     107.90     5.2230      88.91
 052896     1.3765     1.5477     1.5127     108.70     5.2360      89.11
 052996     1.3718     1.5445     1.5211     108.77     5.2300      88.93
 053096     1.3685     1.5325     1.5345     107.65     5.1875      88.26
 053196     1.3704     1.5265     1.5495     107.99     5.1670      87.97
 0696     1.3692     1.5285     1.5515     108.37     5.1775      88.06
 0696     1.3691     1.5327     1.5485     109.20     5.1880      88.25
 060596     1.3660     1.5313     1.5474     108.84     5.1880      88.23
 060696     1.3646     1.5325     1.5405     109.26     5.1920      88.38
 060796     1.3669     1.5344     1.5410     109.23     5.1990      88.46
 061096     1.3640     1.5343     1.5322     109.07     5.1975      88.50
 061196     1.3656     1.5369     1.5355     109.50     5.2075      88.59
 061296     1.3668     1.5356     1.5345     109.47     5.2060      88.55
 061396     1.3690     1.5332     1.5320     108.85     5.2020      88.46
 061496     1.3665     1.5247     1.5358     108.87     5.1715      88.13
 061796     1.3664     1.5168     1.5450     108.85     5.1490      87.79
 061896     1.3690     1.5158     1.5435     108.04     5.1455      87.66
 061996     1.3682     1.5213     1.5433     108.05     5.1610      87.81
 062096     1.3676     1.5229     1.5418     108.10     5.1640      87.86
 062196     1.3655     1.5319     1.5383     109.10     5.1925      88.30
 062496     1.3618     1.5304     1.5400     108.94     5.1890      88.19
 062596     1.3600     1.5299     1.5405     109.03     5.1860      88.15
 062696     1.3613     1.5277     1.5414     109.50     5.1662      88.09
 062796     1.3628     1.5223     1.5462     109.45     5.1485      87.90
 062896     1.3657     1.5210     1.5529     109.48     5.1440      87.83
 070196     1.3635     1.5240     1.5545     109.56     5.1530      87.91
 070296     1.3637     1.5255     1.5583     110.10     5.1590      88.03
 0796     1.3610     1.5227     1.5587     110.31     5.1485      87.91
 070596     1.3683     1.5320     1.5522     110.95     5.1745      88.39
 070896     1.3711     1.5288     1.5530     110.94     5.1745      88.36
 070996     1.3695     1.5245     1.5495     110.28     5.1600      88.14
 071096     1.3690     1.5260     1.5504     110.18     5.1647      88.17
 071196     1.3704     1.5210     1.5555     110.18     5.1465      87.98
 071296     1.3695     1.5215     1.5525     110.69     5.1515      88.07
 071596     1.3695     1.5202     1.5500     110.45     5.1505      88.09
 071696     1.3717     1.4895     1.5585     109.15     5.0460      86.81
 071796     1.3726     1.4848     1.5432     108.62     5.0290      86.71
 071896     1.3678     1.4855     1.5479     107.93     5.0370      86.60
 071996     1.3674     1.4892     1.5466     108.22     5.0420      86.65
 072296     1.3676     1.4835     1.5512     107.50     5.0190      86.35
 072396     1.3715     1.4900     1.5515     108.09     5.0435      86.67
 072496     1.3720     1.4900     1.5525     108.29     5.0510      86.72
 072596     1.3726     1.4799     1.5572     108.38     5.0160      86.37
 072696     1.3746     1.4833     1.5545     108.33     5.0340      86.60
 072996     1.3724     1.4804     1.5570     109.20     5.0205      86.55
 073096     1.3737     1.4792     1.5558     108.08     5.0205      86.43
 073196     1.3747     1.4725     1.5556     106.77     4.9970      86.05
 080196     1.3715     1.4735     1.5572     106.75     5.0030      86.01
 080296     1.3755     1.4782     1.5418     107.05     5.0210      86.33
 080596     1.3757     1.4832     1.5442     106.64     5.0410      86.43
 080696     1.3745     1.4830     1.5375     106.92     5.0525      86.54
 080796     1.3722     1.4852     1.5418     107.95     5.0646      86.72
 080896     1.3723     1.4838     1.5497     108.14     5.0580      86.63
 080996     1.3723     1.4785     1.5490     108.12     5.0582      86.52
 081296     1.3715     1.4770     1.5505     107.72     5.0585      86.42
 081396     1.3748     1.4763     1.5499     107.59     5.0585      86.40
 081496     1.3745     1.4870     1.5483     107.94     5.0820      86.75
 081596     1.3775     1.4856     1.5504     108.01     5.0800      86.70
 081696     1.3741     1.4938     1.5468     107.96     5.1030      86.94
 081996     1.3735     1.4870     1.5444     107.87     5.0905      86.77
 082096     1.3735     1.4887     1.5473     108.30     5.0832      86.80
 082196     1.3740     1.4832     1.5497     108.34     5.0740      86.62
 082296     1.3718     1.4913     1.5508     108.23     5.0845      86.81
 082396     1.3700     1.4848     1.5530     108.40     5.0695      86.61
 082696     1.3709     1.4796     1.5553     107.70     5.0542      86.33
 082796     1.3676     1.4790     1.5530     107.78     5.0630      86.36
 082896     1.3665     1.4764     1.5593     108.44     5.0565      86.29
 082996     1.3666     1.4815     1.5563     108.50     5.0793      86.52
 083096     1.3685     1.4801     1.5612     108.70     5.0645      86.45
 0996     1.3698     1.4844     1.5671     109.28     5.0800      86.63
 0996     1.3699     1.4826     1.5670     108.85     5.0830      86.56
 090596     1.3703     1.4847     1.5667     109.09     5.0865      86.64
 090696     1.3737     1.4915     1.5607     109.37     5.0980      86.92
 090996     1.3730     1.4943     1.5582     109.19     5.0960      86.98
 091096     1.3710     1.5084     1.5569     109.84     5.1520      87.57
 091196     1.3718     1.5090     1.5550     110.25     5.1480      87.64
 091296     1.3710     1.5147     1.5538     110.30     5.1690      87.86
 091396     1.3703     1.5123     1.5544     110.44     5.1555      87.78
 091696     1.3705     1.5107     1.5566     110.15     5.1410      87.61
 091796     1.3711     1.5155     1.5545     110.39     5.1470      87.78
 091896     1.3716     1.5097     1.5602     109.21     5.1425      87.49
 091996     1.3713     1.5146     1.5515     109.38     5.1550      87.70
 092096     1.3680     1.5147     1.5555     109.87     5.1310      87.63
 092396     1.3665     1.5113     1.5568     109.86     5.1200      87.50
 092496     1.3679     1.5135     1.5580     109.82     5.1210      87.54
 092596     1.3670     1.5124     1.5633     110.38     5.1188      87.49
 092696     1.3678     1.5233     1.5613     110.45     5.1467      87.89
 092796     1.3632     1.5248     1.5630     110.85     5.1555      87.97
 093096     1.3620     1.5270     1.5653     111.65     5.1670      88.10
 100196     1.3624     1.5263     1.5640     111.37     5.1705      88.07
 100296     1.3620     1.5279     1.5685     111.66     5.1710      88.05
 1096     1.3609     1.5287     1.5661     111.48     5.1755      88.09
 1096     1.3553     1.5302     1.5623     111.63     5.1810      88.17
 100796     1.3538     1.5311     1.5635     111.27     5.1735      88.08
 100896     1.3549     1.5272     1.5631     111.31     5.1595      87.96
 100996     1.3548     1.5286     1.5642     111.47     5.1665      88.05
 101096     1.3516     1.5299     1.5651     111.28     5.1730      88.05
 101196     1.3526     1.5310     1.5755     111.66     5.1823      88.08
 101596     1.3539     1.5404     1.5823     112.28     5.2075      88.45
 101696     1.3555     1.5380     1.5835     112.14     5.2025      88.39
 101796     1.3522     1.5435     1.5863     112.22     5.2190      88.56
 101896     1.3493     1.5417     1.5903     112.54     5.2100      88.47
 102196     1.3475     1.5357     1.5916     112.76     5.1920      88.25
 102296     1.3448     1.5345     1.5953     112.86     5.1870      88.18
 102396     1.3439     1.5227     1.5968     112.97     5.1460      87.78
 102496     1.3457     1.5217     1.5918     112.85     5.1400      87.78
 102596     1.3445     1.5201     1.6062     113.33     5.1325      87.65
 102896     1.3448     1.5178     1.6122     114.12     5.1290      87.65
 102996     1.3454     1.5090     1.6099     114.11     5.1065      87.38
 103096     1.3417     1.5098     1.6326     113.97     5.0990      87.18
 103196     1.3409     1.5141     1.6278     113.79     5.1110      87.35
 110196     1.3348     1.5150     1.6358     113.28     5.1180      87.28
 1196     1.3359     1.5144     1.6435     113.97     5.1210      87.33
 110596     1.3330     1.5206     1.6450     114.22     5.1360      87.52
 110696     1.3310     1.5182     1.6400     113.98     5.1290      87.46
 110796     1.3322     1.5072     1.6475     111.54     5.0975      86.83
 110896     1.3320     1.5055     1.6470     111.63     5.0915      86.75
 111296     1.3352     1.5011     1.6470     111.50     5.0775      86.64
 111396     1.3337     1.5053     1.6550     111.41     5.0885      86.71
 111496     1.3343     1.5096     1.6653     111.29     5.1010      86.79
 111596     1.3368     1.5085     1.6646     111.30     5.0995      86.79
 111896     1.3419     1.5007     1.6700     111.31     5.0770      86.50
 111996     1.3426     1.5043     1.6760     111.55     5.0898      86.62
 112096     1.3420     1.4963     1.6780     111.25     5.0635      86.23
 112196     1.3393     1.4983     1.6887     111.42     5.0815      86.27
 112296     1.3393     1.5045     1.6800     111.41     5.0998      86.52
 112596     1.3413     1.5224     1.6695     112.69     5.1520      87.27
 112696     1.3423     1.5252     1.6730     112.66     5.1720      87.43
 112796     1.3466     1.5285     1.6760     113.33     5.1772      87.59
 112996     1.3489     1.5377     1.6820     113.88     5.2235      87.98
 120296     1.3515     1.5438     1.6840     113.80     5.2368      88.17
 1296     1.3486     1.5655     1.6420     113.59     5.2850      89.11
 1296     1.3525     1.5626     1.6387     113.13     5.2795      89.02
 120596     1.3585     1.5525     1.6268     112.35     5.2435      88.72
 120696     1.3595     1.5469     1.6415     112.84     5.2240      88.51
 120996     1.3555     1.5573     1.6475     113.27     5.2600      88.88
 121096     1.3569     1.5538     1.6505     113.28     5.2550      88.79
 121196     1.3625     1.5488     1.6580     112.90     5.2085      88.33
 121296     1.3569     1.5441     1.6570     113.55     5.2207      88.40
 121396     1.3625     1.5458     1.6603     113.80     5.2155      88.46
 121696     1.3662     1.5528     1.6622     114.24     5.2385      88.78
 121796     1.3665     1.5456     1.6720     113.63     5.2200      88.42
 121896     1.3671     1.5539     1.6722     113.65     5.2515      88.74
 121996     1.3685     1.5565     1.6525     114.00     5.2680      89.00
 122096     1.3675     1.5506     1.6670     114.25     5.2365      88.75
 122396     1.3675     1.5565     1.6715     114.12     5.2520      88.86
 122496     1.3657     1.5560     1.6715     114.50     5.2520      88.89
 122696     1.3637     1.5570     1.6726     114.92     5.2550      88.96
 122796     1.3697     1.5560     1.6917     116.13     5.2500      88.97
 123096     1.3683     1.5577     1.6908     115.88     5.2521      89.00
 123196     1.3697     1.5387     1.7123     115.77     5.1928      88.23
 010297     1.3736     1.5413     1.6870     115.49     5.1932      88.45
 0197     1.3742     1.5629     1.6900     116.33     5.2770      89.30
 010697     1.3686     1.5672     1.6850     115.80     5.2918      89.43
 010797     1.3570     1.5632     1.6950     115.34     5.2805      89.11
 010897     1.3533     1.5765     1.6871     115.86     5.3255      89.62
 010997     1.3522     1.5779     1.6945     116.19     5.3232      89.58
 011097     1.3480     1.5856     1.6814     116.10     5.3505      89.88
 011397     1.3490     1.5910     1.6713     116.41     5.3700      90.20
 011497     1.3505     1.5945     1.6695     116.90     5.3842      90.41
 011597     1.3421     1.5916     1.6785     117.24     5.3715      90.20
 011697     1.3392     1.5954     1.6762     116.54     5.3832      90.25
 011797     1.3399     1.6122     1.6602     117.11     5.4385      91.06
 012197     1.3385     1.6240     1.6632     117.80     5.4821      91.57
 012297     1.3357     1.6370     1.6534     118.92     5.5320      92.26
 012397     1.3417     1.6406     1.6285     119.65     5.5319      92.68
 012497     1.3486     1.6300     1.6283     119.06     5.4985      92.24
 012797     1.3443     1.6424     1.6240     119.45     5.5365      92.74
 012897     1.3407     1.6485     1.6155     121.19     5.5510      93.23
 012997     1.3455     1.6427     1.6207     121.98     5.5330      93.12
 013097     1.3482     1.6375     1.6183     121.55     5.5265      92.94
 013197     1.3474     1.6362     1.6012     121.25     5.5235      93.01
 0297     1.3434     1.6399     1.6135     121.68     5.5560      93.20
 0297     1.3431     1.6440     1.6207     122.34     5.5560      93.29
 020597     1.3430     1.6483     1.6380     123.59     5.5645      93.44
 020697     1.3484     1.6517     1.6355     123.82     5.5750      93.63
 020797     1.3493     1.6748     1.6228     124.54     5.6483      94.52
 021097     1.3518     1.6563     1.6390     122.74     5.5915      93.64
 021197     1.3558     1.6731     1.6440     123.17     5.6415      94.22
 021297     1.3557     1.6858     1.6338     124.02     5.6870      94.80
 021397     1.3531     1.6869     1.6230     124.35     5.6950      95.01
 021497     1.3502     1.6859     1.6207     124.06     5.6905      94.96
 021897     1.3575     1.6885     1.6022     123.92     5.6915      95.31
 021997     1.3590     1.6967     1.6138     124.30     5.7370      95.68
 022097     1.3597     1.6863     1.6107     122.83     5.6920      95.07
 022197     1.3625     1.6886     1.6155     123.28     5.7030      95.18
 022497     1.3623     1.6730     1.6333     122.18     5.6495      94.39
 022597     1.3612     1.6772     1.6323     121.93     5.6580      94.57
 022697     1.3660     1.6873     1.6330     121.90     5.6921      94.98
 022797     1.3671     1.6885     1.6265     120.80     5.6973      94.95
 022897     1.3670     1.6872     1.6287     120.83     5.6930      94.95
 97     1.3675     1.6967     1.6175     121.15     5.7285      95.41
 97     1.3700     1.7134     1.6155     121.95     5.7790      96.12
 0597     1.3683     1.7128     1.6117     121.50     5.7795      96.03
 0697     1.3649     1.7172     1.6131     121.28     5.7885      96.09
 0797     1.3680     1.7190     1.6032     121.88     5.7905      96.31
 1097     1.3710     1.7031     1.6005     121.70     5.7475      95.78
 1197     1.3667     1.7036     1.6058     121.77     5.7445      95.76
 1297     1.3640     1.7020     1.5932     122.68     5.7415      95.90
 1397     1.3633     1.7055     1.5965     123.24     5.7599      96.05
 1497     1.3636     1.6962     1.6022     123.46     5.7212      95.75
 1797     1.3694     1.6903     1.5900     123.65     5.7040      95.74
 1897     1.3746     1.6731     1.5890     122.45     5.6468      95.08
 1997     1.3790     1.6829     1.5968     122.80     5.6787      95.38
 2097     1.3795     1.6890     1.5948     123.59     5.6995      95.68
 2197     1.3802     1.6882     1.6015     122.82     5.6947      95.52
 2497     1.3780     1.6877     1.6171     122.93     5.6910      95.36
 2597     1.3779     1.6921     1.6172     123.90     5.7080      95.67
 2697     1.3746     1.6917     1.6276     124.23     5.7030      95.52
 2797     1.3770     1.6753     1.6312     123.65     5.6520      94.88
 2897     1.3810     1.6788     1.6315     123.90     5.6495      95.00
 3197     1.3835     1.6678     1.6448     123.72     5.6165      94.53
 0197     1.3865     1.6710     1.6485     122.70     5.6260      94.54
 0297     1.3877     1.6751     1.6425     122.72     5.6470      94.74
 97     1.3887     1.6693     1.6460     122.80     5.6260      94.46
 97     1.3923     1.6802     1.6389     124.27     5.6590      95.06
 0797     1.3894     1.7086     1.6277     125.67     5.7500      96.23
 0897     1.3880     1.7115     1.6233     126.08     5.7550      96.36
 0997     1.3882     1.7243     1.6220     126.86     5.7995      96.92
 1097     1.3916     1.7181     1.6230     125.95     5.7820      96.65
 1197     1.3976     1.7238     1.6245     126.04     5.8000      96.83
 1497     1.3985     1.7245     1.6225     126.48     5.8010      96.87
 1597     1.3967     1.7339     1.6255     126.35     5.8300      97.17
 1697     1.3978     1.7290     1.6225     125.75     5.8110      96.98
 1797     1.3975     1.7245     1.6310     126.05     5.8070      96.85
 1897     1.3994     1.7125     1.6315     125.88     5.7735      96.44
 2197     1.3978     1.7032     1.6353     125.66     5.7525      96.12
 2297     1.3957     1.7147     1.6362     126.25     5.7885      96.56
 2397     1.3942     1.7123     1.6213     126.16     5.7760      96.55
 2497     1.3928     1.7165     1.6250     125.96     5.7900      96.60
 2597     1.3966     1.7246     1.6235     125.88     5.8240      97.04
 2897     1.3995     1.7289     1.6232     126.68     5.8260      97.23
 2997     1.3979     1.7227     1.6312     126.81     5.8160      97.01
 3097     1.3971     1.7330     1.6200     127.03     5.8375      97.40
 050197     1.3895     1.7207     1.6238     126.64     5.8010      96.86
 050297     1.3833     1.7270     1.6215     126.57     5.8235      97.08
 050597     1.3813     1.7317     1.6200     126.70     5.8440      97.28
 050697     1.3781     1.7225     1.6375     125.45     5.8110      96.64
 050797     1.3817     1.7215     1.6364     125.09     5.8060      96.56
 050897     1.3835     1.7079     1.6200     123.85     5.7590      96.03
 050997     1.3910     1.6903     1.6210     120.73     5.6992      95.10
 051297     1.3900     1.7038     1.6235     118.95     5.7435      95.41
 051397     1.3862     1.6972     1.6319     118.75     5.7170      95.04
 051497     1.3856     1.7001     1.6400     118.33     5.7270      94.97
 051597     1.3791     1.6987     1.6385     116.28     5.7220      94.67
 051697     1.3705     1.6929     1.6335     115.43     5.7050      94.35
 051997     1.3720     1.7105     1.6380     116.05     5.7585      94.94
 052097     1.3750     1.6961     1.6438     113.80     5.7120      94.12
 052197     1.3667     1.6918     1.6465     114.08     5.6980      93.93
 052297     1.3717     1.6943     1.6235     115.96     5.7110      94.49
 052397     1.3751     1.6927     1.6324     115.80     5.6990      94.33
 052797     1.3823     1.6993     1.6290     116.45     5.7360      94.79
 052897     1.3843     1.6939     1.6382     115.52     5.7250      94.55
 052997     1.3817     1.6995     1.6405     116.21     5.7425      94.75
 053097     1.3798     1.7090     1.6360     116.40     5.7720      95.11
 060297     1.3781     1.7283     1.6343     116.74     5.8255      95.74
 0697     1.3740     1.7284     1.6342     116.15     5.8265      95.64
 0697     1.3760     1.7312     1.6272     116.30     5.8400      95.86
 060597     1.3764     1.7300     1.6328     115.67     5.8330      95.71
 060697     1.3840     1.7300     1.6280     115.40     5.8405      95.84
 060997     1.3865     1.7086     1.6355     112.63     5.7740      94.78
 061097     1.3862     1.7200     1.6382     112.60     5.8150      95.15
 061197     1.3870     1.7171     1.6370     111.42     5.8080      94.90
 061297     1.3825     1.7248     1.6352     113.98     5.8180      95.36
 061397     1.3804     1.7305     1.6370     113.50     5.8387      95.44
 061697     1.3845     1.7308     1.6357     113.49     5.8382      95.50
 061797     1.3860     1.7340     1.6385     113.35     5.8465      95.55
 061897     1.3873     1.7329     1.6384     113.50     5.8470      95.55
 061997     1.3882     1.7244     1.6480     114.09     5.8185      95.25
 062097     1.3925     1.7298     1.6537     114.62     5.8360      95.46
 062397     1.3895     1.7204     1.6688     115.30     5.8035      95.11
 062497     1.3916     1.7264     1.6643     114.80     5.8235      95.28
 062597     1.3948     1.7258     1.6625     113.95     5.8240      95.18
 062697     1.3817     1.7272     1.6660     113.23     5.8260      95.06
 062797     1.3815     1.7376     1.6620     114.67     5.8580      95.59
 063097     1.3810     1.7438     1.6650     114.61     5.8752      95.77
 070197     1.3803     1.7421     1.6574     114.93     5.8680      95.79
 070297     1.3770     1.7529     1.6670     114.52     5.9090      96.07
 0797     1.3736     1.7498     1.6885     113.46     5.8970      95.61
 070797     1.3762     1.7491     1.6870     112.60     5.8960      95.50
 070897     1.3745     1.7587     1.6885     112.76     5.9340      95.88
 070997     1.3730     1.7615     1.6840     112.97     5.9460      95.98
 071097     1.3736     1.7518     1.6881     113.08     5.9218      95.69
 071197     1.3705     1.7704     1.6935     113.88     5.9790      96.27
 071497     1.3690     1.7885     1.6882     113.76     6.0430      96.90
 071597     1.3708     1.8029     1.6765     115.87     6.0855      97.72
 071697     1.3736     1.7987     1.6745     116.28     6.0730      97.67
 071797     1.3781     1.7922     1.6750     116.13     6.0540      97.48
 071897     1.3746     1.7885     1.6761     115.46     6.0475      97.26
 072197     1.3746     1.7950     1.6776     115.88     6.0600      97.48
 072297     1.3818     1.8193     1.6744     115.68     6.1240      98.27
 072397     1.3812     1.8241     1.6779     115.85     6.1460      98.42
 072497     1.3832     1.8298     1.6729     115.95     6.1710      98.77
 072597     1.3848     1.8348     1.6628     116.75     6.1880      99.12
 072897     1.3865     1.8482     1.6292     117.76     6.2265      99.94
 072997     1.3855     1.8321     1.6275     118.00     6.1750      99.51
 073097     1.3813     1.8374     1.6210     118.33     6.1828      99.67
 073197     1.3820     1.8379     1.6388     118.37     6.1960      99.66
 080197     1.3891     1.8646     1.6348     118.47     6.2817     100.61
 0897     1.3798     1.8645     1.6283     118.34     6.2935     100.62
 080597     1.3815     1.8810     1.6250     119.26     6.3475     101.29
 080697     1.3871     1.8786     1.6008     118.65     6.3491     101.40
 080797     1.3875     1.8702     1.5875     118.40     6.3014     101.16
 080897     1.3928     1.8458     1.5850     115.30     6.2230      99.95
 081197     1.3933     1.8568     1.5902     115.85     6.2595     100.37
 081297     1.3932     1.8675     1.5775     116.21     6.2925     100.87
 081397     1.3926     1.8350     1.5825     115.78     6.1835      99.75
 081497     1.3907     1.8417     1.5865     117.75     6.2120     100.19
 081597     1.3903     1.8237     1.6090     117.80     6.1425      99.26
 081897     1.3887     1.8236     1.6088     117.81     6.1450      99.40
 081997     1.3951     1.8423     1.6035     118.45     6.2050     100.16
 082097     1.3939     1.8562     1.5923     118.08     6.2550     100.63
 082197     1.3955     1.8426     1.5905     117.78     6.2120     100.17
 082297     1.3948     1.8145     1.6081     117.26     6.1120      99.00
 082597     1.3917     1.8205     1.6052     118.73     6.1330      99.34
 082697     1.3951     1.7971     1.6121     118.32     6.0562      98.52
 082797     1.3917     1.8104     1.6103     118.88     6.0940      98.99
 082897     1.3878     1.7975     1.6158     118.75     6.0470      98.46
 082997     1.3890     1.8050     1.6203     120.65     6.0750      98.92
 090297     1.3845     1.8330     1.5897     121.55     6.1700     100.14
 0997     1.3837     1.8148     1.5846     121.03     6.1044      99.48
 0997     1.3858     1.8180     1.5855     120.72     6.1140      99.54
 090597     1.3824     1.8001     1.5920     121.09     6.0560      98.87
 090897     1.3830     1.8084     1.5827     121.02     6.0860      99.22
 090997     1.3845     1.8120     1.5882     119.05     6.0950      99.09
 091097     1.3852     1.7978     1.5890     119.26     6.0420      98.64
 091197     1.3920     1.7815     1.5968     119.58     5.9840      98.08
 091297     1.3935     1.7715     1.6085     120.93     5.9604      97.84
 091597     1.3922     1.7604     1.6042     120.40     5.9210      97.37
 091697     1.3914     1.7680     1.5941     121.10     5.9320      97.68
 091797     1.3888     1.7721     1.5985     120.99     5.9510      97.82
 091897     1.3911     1.7780     1.6137     121.98     5.9710      98.03
 091997     1.3902     1.7717     1.6112     121.93     5.9530      97.82
 092297     1.3890     1.7955     1.6025     122.25     6.0275      98.72
 092397     1.3903     1.7956     1.6115     121.53     6.0360      98.59
 092497     1.3875     1.7759     1.6103     120.40     5.9625      97.73
 092597     1.3842     1.7686     1.6279     121.30     5.9400      97.45
 092697     1.3839     1.7619     1.6100     120.87     5.9168      97.32
 092997     1.3848     1.7584     1.6142     121.00     5.9085      97.22
 093097     1.3824     1.7671     1.6117     120.71     5.9335      97.47
 100197     1.3791     1.7754     1.6145     120.80     5.9630      97.76
 100297     1.3747     1.7721     1.6135     121.80     5.9570      97.74
 1097     1.3713     1.7590     1.6130     121.93     5.9180      97.26
 100697     1.3718     1.7629     1.6130     121.93     5.9250      97.40
 100797     1.3730     1.7539     1.6195     122.01     5.8950      97.08
 100897     1.3727     1.7533     1.6208     121.09     5.8875      96.93
 100997     1.3747     1.7436     1.6245     121.18     5.8600      96.71
 101097     1.3795     1.7534     1.6207     120.13     5.8815      96.91
 101497     1.3826     1.7545     1.6197     121.75     5.8850      97.13
 101597     1.3865     1.7495     1.6235     121.31     5.8675      96.91
 101697     1.3870     1.7447     1.6187     119.87     5.8545      96.65
 101797     1.3860     1.7734     1.6145     120.19     5.9480      97.67
 102097     1.3850     1.7724     1.6297     121.40     5.9410      97.63
 102197     1.3890     1.7892     1.6338     120.66     5.9930      98.14
 102297     1.3915     1.7835     1.6338     120.71     5.9775      97.98
 102397     1.3895     1.7732     1.6317     121.67     5.9487      97.70
 102497     1.3920     1.7741     1.6347     121.73     5.9415      97.67
 102797     1.3981     1.7625     1.6548     121.87     5.9050      97.21
 102897     1.4090     1.7291     1.6756     119.70     5.7935      95.76
 102997     1.4015     1.7366     1.6721     120.53     5.8065      96.02
 103097     1.4075     1.7260     1.6655     120.68     5.7830      95.79
 103197     1.4099     1.7220     1.6786     120.39     5.7670      95.53
 1197     1.4065     1.7373     1.6763     121.04     5.8125      96.11
 1197     1.4039     1.7237     1.6832     121.83     5.7765      95.71
 110597     1.4005     1.7218     1.6775     122.56     5.7730      95.75
 110697     1.4025     1.7200     1.6920     123.16     5.7613      95.62
 110797     1.4095     1.7080     1.6905     123.97     5.7225      95.35
 111097     1.4071     1.7120     1.6893     124.15     5.7210      95.44
 111297     1.4090     1.7236     1.7035     126.10     5.7800      96.04
 111397     1.4082     1.7208     1.7010     125.93     5.7615      95.88
 111497     1.4127     1.7320     1.6931     126.78     5.8010      96.46
 111797     1.4149     1.7338     1.6931     125.85     5.8050      96.44
 111897     1.4145     1.7252     1.6955     125.85     5.7775      96.15
 111997     1.4155     1.7350     1.6911     127.22     5.8005      96.60
 112097     1.4210     1.7338     1.6925     126.81     5.8065      96.61
 112197     1.4170     1.7466     1.6892     125.85     5.8508      96.95
 112497     1.4210     1.7370     1.6900     127.07     5.8200      96.77
 112597     1.4180     1.7444     1.6805     127.45     5.8380      97.09
 112697     1.4245     1.7605     1.6735     127.51     5.8925      97.79
 112897     1.4245     1.7650     1.6885     127.74     5.9020      97.84
 120197     1.4245     1.7770     1.6825     129.15     5.9473      98.49
 120297     1.4218     1.7753     1.6817     128.77     5.9429      98.38
 1297     1.4180     1.7701     1.6840     128.72     5.9210      98.14
 1297     1.4227     1.7706     1.6705     129.40     5.9255      98.37
 120597     1.4230     1.7824     1.6585     130.20     5.9675      98.97
 120897     1.4223     1.7868     1.6472     130.50     5.9805      99.22
 120997     1.4224     1.7916     1.6528     129.80     5.9980      99.30
 121097     1.4242     1.7854     1.6495     129.09     5.9750      99.14
 121197     1.4241     1.7702     1.6552     129.92     5.9240      98.54
 121297     1.4208     1.7728     1.6501     130.73     5.9390      98.74
 121597     1.4212     1.7722     1.6333     131.08     5.9352      98.86
 121697     1.4237     1.7836     1.6326     130.87     5.9750      99.26
 121797     1.4229     1.7697     1.6507     127.00     5.9310      98.26
 121897     1.4245     1.7753     1.6635     128.53     5.9453      98.57
 121997     1.4328     1.7687     1.6684     129.10     5.9240      98.38
 122297     1.4345     1.7802     1.6617     130.38     5.9591      98.94
 122397     1.4364     1.7743     1.6680     130.00     5.9370      98.67
 122497     1.4355     1.7732     1.6675     130.06     5.9310      98.65
 122697     1.4356     1.7749     1.6695     130.30     5.9390      98.71
 122997     1.4398     1.7875     1.6683     130.05     5.9819      99.20
 123097     1.4365     1.7920     1.6552     130.05     5.9950      99.47
 123197     1.4288     1.7991     1.6427     130.45     6.0190      99.81
 0102     1.4255     1.8030     1.6417     132.40     6.0335     100.16
 0105     1.4264     1.8223     1.6330     133.99     6.0999     101.08
 0106     1.4310     1.8210     1.6335     133.88     6.0968     101.06
 0107     1.4297     1.8235     1.6253     131.70     6.1070     101.12
 0108     1.4317     1.8203     1.6114     132.49     6.0905     101.03
 0109     1.4255     1.8183     1.6165     131.52     6.0885     100.79
 0112     1.4345     1.8177     1.6221     132.83     6.0858     100.96
 0113     1.4362     1.8203     1.6345     131.72     6.0957     100.84
 0114     1.4348     1.8226     1.6301     131.43     6.1035     100.92
 0115     1.4369     1.8310     1.6300     130.41     6.1333     101.13
 0116     1.4366     1.8310     1.6337     128.88     6.1262     100.91
 0120     1.4390     1.8431     1.6271     128.80     6.1672     101.36
 0121     1.4437     1.8275     1.6264     127.50     6.1230     100.77
 0122     1.4508     1.8030     1.6498     127.22     6.0425      99.75
 0123     1.4556     1.7808     1.6687     125.78     5.9680      98.71
 0126     1.4498     1.7944     1.6525     126.64     6.0185      99.39
 0127     1.4545     1.7898     1.6474     126.02     5.9940      99.20
 0128     1.4568     1.8070     1.6430     125.26     6.0555      99.81
 0129     1.4637     1.8212     1.6400     125.38     6.0970     100.35
 0130     1.4562     1.8315     1.6325     127.10     6.1370     100.94
 0202     1.4529     1.8210     1.6380     126.65     6.0935     100.41
 0203     1.4512     1.8174     1.6423     126.02     6.0890     100.22
 0204     1.4471     1.8010     1.6580     123.78     6.0372      99.29
 0205     1.4388     1.7880     1.6545     123.31     5.9990      98.78
 0206     1.4285     1.8038     1.6475     124.26     6.0258      99.31
 0209     1.4354     1.8158     1.6338     124.28     6.0920     100.00
 0210     1.4295     1.8115     1.6230     123.47     6.0738      99.80
 0211     1.4363     1.8189     1.6324     123.53     6.0960     100.00
 0212     1.4383     1.8090     1.6379     123.78     6.0665      99.64
 0213     1.4431     1.8237     1.6345     125.37     6.1130     100.37
 0217     1.4405     1.8266     1.6312     126.87     6.1095     100.62
 0218     1.4355     1.8200     1.6395     126.35     6.0980     100.26
 0219     1.4235     1.8237     1.6355     126.25     6.1135     100.34
 0220     1.4205     1.8231     1.6363     127.73     6.1160     100.48
 0223     1.4246     1.7917     1.6470     128.92     6.0245      99.50
 0224     1.4218     1.8004     1.6455     128.15     6.0365      99.65
 0225     1.4232     1.8116     1.6484     128.62     6.0655     100.06
 0226     1.4205     1.8116     1.6448     127.72     6.0800     100.00
 0227     1.4236     1.8141     1.6453     126.12     6.0835      99.89
 02     1.4250     1.8127     1.6472     125.38     6.0775      99.74
 03     1.4187     1.8090     1.6525     126.05     6.0820      99.65
 04     1.4222     1.8151     1.6460     126.79     6.0880     100.01
 05     1.4185     1.8260     1.6450     127.61     6.1222     100.43
 06     1.4185     1.8357     1.6325     128.42     6.1495     100.92
 09     1.4143     1.8290     1.6364     127.78     6.1320     100.59
 10     1.4140     1.8315     1.6381     127.63     6.1405     100.64
 11     1.4075     1.8352     1.6467     129.30     6.1535     100.81
 12     1.4113     1.8274     1.6561     129.25     6.1263     100.51
 13     1.4100     1.8195     1.6658     128.23     6.1010      99.98
 16     1.4138     1.8213     1.6682     129.40     6.1075     100.26
 17     1.4165     1.8179     1.6743     129.41     6.0930     100.08
 18     1.4189     1.8287     1.6711     130.17     6.1277     100.57
 19     1.4180     1.8296     1.6678     130.43     6.1350     100.66
 20     1.4182     1.8334     1.6643     130.34     6.1450     100.82
 23     1.4220     1.8266     1.6790     130.28     6.1225     100.47
 24     1.4198     1.8276     1.6751     130.25     6.1255     100.51
 25     1.4103     1.8276     1.6739     128.76     6.1260     100.32
 26     1.4120     1.8223     1.6860     128.71     6.1113     100.06
 27     1.4147     1.8265     1.6825     130.17     6.1185     100.37
 30     1.4225     1.8466     1.6775     132.16     6.1850     101.39
 31     1.4180     1.8500     1.6765     133.29     6.1950     101.62
 01     1.4175     1.8542     1.6740     133.76     6.2130     101.87
 02     1.4195     1.8517     1.6665     133.50     6.2050     101.84
 03     1.4210     1.8515     1.6575     135.05     6.2060     102.06
 06     1.4185     1.8425     1.6635     134.71     6.1765     101.67
 07     1.4223     1.8408     1.6658     133.68     6.1715     101.53
 08     1.4246     1.8205     1.6683     132.64     6.1020     100.68
 09     1.4251     1.8202     1.6725     130.21     6.1010     100.39
 10     1.4266     1.8238     1.6718     128.96     6.1125     100.38
 13     1.4320     1.8244     1.6668     129.52     6.1145     100.51
 14     1.4345     1.8035     1.6840     129.35     6.0465      99.64
 15     1.4395     1.7985     1.6830     129.45     6.0275      99.54
 16     1.4369     1.8070     1.6910     131.78     6.0585      99.99
 17     1.4295     1.8088     1.6840     131.85     6.0645     100.06
 20     1.4280     1.7992     1.6757     132.23     6.0315      99.80
 21     1.4310     1.7887     1.6762     131.33     5.9960      99.32
 22     1.4327     1.7920     1.6718     130.77     6.0090      99.44
 23     1.4345     1.8010     1.6665     130.19     6.0390      99.74
 24     1.4360     1.7918     1.6678     130.90     6.0060      99.49
 27     1.4385     1.7875     1.6733     132.09     5.9910      99.47
 28     1.4390     1.7942     1.6673     132.19     6.0150      99.77
 29     1.4376     1.7948     1.6702     132.05     6.0175      99.75
 30     1.4302     1.7944     1.6727     132.37     6.0170      99.70
 0501     1.4340     1.7783     1.6675     133.01     5.9610      99.25
 0504     1.4350     1.7802     1.6660     132.98     5.9690      99.34
 0505     1.4390     1.7721     1.6605     131.74     5.9440      98.97
 0506     1.4391     1.7656     1.6610     132.73     5.9200      98.80
 0507     1.4400     1.7636     1.6485     133.09     5.9135      98.88
 0508     1.4367     1.7707     1.6380     132.88     5.9380      99.17
 0511     1.4335     1.7796     1.6300     132.84     5.9620      99.48
 0512     1.4323     1.7745     1.6347     134.00     5.9510      99.40
 0513     1.4448     1.7780     1.6308     134.18     5.9647      99.70
 0514     1.4480     1.7817     1.6306     134.23     5.9755      99.85
 0515     1.4508     1.7861     1.6278     134.39     5.9900     100.07
 0518     1.4497     1.7871     1.6235     135.95     5.9950     100.32
 0519     1.4502     1.7838     1.6232     136.34     5.9830     100.23
 0520     1.4498     1.7704     1.6332     135.99     5.9370      99.62
 0521     1.4475     1.7590     1.6305     135.65     5.8940      99.17
 0522     1.4496     1.7593     1.6318     135.77     5.8995      99.23
 0526     1.4549     1.7684     1.6365     137.38     5.9305      99.71
 0527     1.4568     1.7816     1.6322     137.36     5.9760     100.22
 0528     1.4556     1.7817     1.6277     138.91     5.9696     100.39
 0529     1.4571     1.7840     1.6308     138.50     5.9830     100.46
 0601     1.4568     1.7794     1.6392     139.57     5.9660     100.33
 0602     1.4543     1.7808     1.6388     138.97     5.9670     100.28
 0603     1.4530     1.7725     1.6385     138.34     5.9430      99.92
 0604     1.4558     1.7648     1.6395     138.40     5.9175      99.65
 0605     1.4586     1.7745     1.6351     139.66     5.9530     100.21
 0608     1.4592     1.7799     1.6324     140.58     5.9650     100.48
 0609     1.4602     1.7808     1.6347     140.25     5.9715     100.53
 0610     1.4669     1.7967     1.6277     141.52     6.0280     101.36
 0611     1.4701     1.8043     1.6292     143.25     6.0490     101.79
 0612     1.4685     1.8051     1.6315     144.36     6.0545     101.91
 0615     1.4740     1.8142     1.6315     146.42     6.0840     102.51
 0616     1.4708     1.7978     1.6525     144.05     6.0295     101.53
 0617     1.4635     1.7874     1.6620     137.68     5.9945     100.39
 0618     1.4690     1.7927     1.6705     137.61     6.0140     100.53
 0619     1.4695     1.7856     1.6735     134.20     5.9905      99.93
 0622     1.4713     1.7944     1.6720     137.90     6.0160     100.60
 0623     1.4698     1.8031     1.6641     139.13     6.0460     101.10
 0624     1.4700     1.8014     1.6683     140.75     6.0390     101.14
 0625     1.4668     1.7960     1.6722     141.67     6.0180     100.98
 0626     1.4693     1.8127     1.6608     142.75     6.0805     101.86
 0629     1.4721     1.8143     1.6645     141.92     6.0855     101.80
 0630     1.4717     1.8033     1.6695     138.29     6.0470     101.03
 0701     1.4658     1.8174     1.6616     138.65     6.0940     101.60
 0702     1.4686     1.8229     1.6565     141.44     6.1145     102.16
 0703     1.4675     1.8188     1.6471     139.35     6.0960     101.86
 0706     1.4730     1.8116     1.6442     140.18     6.0745     101.75
 0707     1.4732     1.8152     1.6375     138.78     6.0870     101.78
 0708     1.4745     1.8180     1.6369     139.60     6.0980     101.97
 0709     1.4768     1.8305     1.6315     141.30     6.1395     102.65
 0710     1.4800     1.8189     1.6325     141.05     6.0995     102.22
 0713     1.4786     1.8000     1.6412     140.98     6.0355     101.49
 0714     1.4790     1.8023     1.6355     139.84     6.0450     101.50
 0715     1.4850     1.8008     1.6337     140.67     6.0435     101.56
 0716     1.4890     1.7904     1.6387     140.25     6.0025     101.10
 0717     1.4885     1.7839     1.6427     139.60     5.9828     100.79
 0720     1.4880     1.7797     1.6480     138.85     5.9680     100.52
 0721     1.4923     1.7900     1.6430     140.39     5.9995     101.11
 0722     1.4957     1.7883     1.6420     141.10     5.9935     101.15
 0723     1.4953     1.7924     1.6474     141.54     6.0080     101.28
 0724     1.4979     1.7787     1.6594     140.93     5.9640     100.63
 0727     1.5040     1.7840     1.6565     142.24     5.9840     101.00
 0728     1.5023     1.7733     1.6485     141.75     5.9460     100.64
 0729     1.5039     1.7735     1.6440     142.46     5.9465     100.76
 0730     1.5085     1.7763     1.6415     142.51     5.9545     100.88
 0731     1.5112     1.7790     1.6349     144.65     5.9670     101.32
 0803     1.5155     1.7844     1.6245     145.80     5.9820     101.73
 0804     1.5140     1.7802     1.6330     144.84     5.9680     101.42
 0805     1.5155     1.7724     1.6360     144.38     5.9430     101.06
 0806     1.5282     1.7680     1.6332     144.60     5.9324     101.09
 0807     1.5219     1.7798     1.6290     146.30     5.9665     101.62
 0810     1.5177     1.7810     1.6328     146.54     5.9700     101.66
 0811     1.5213     1.7812     1.6295     147.14     5.9705     101.78
 0812     1.5152     1.7750     1.6290     146.09     5.9505     101.42
 0813     1.5170     1.7854     1.6265     145.05     5.9845     101.72
 0814     1.5186     1.8039     1.6184     146.37     6.0460     102.54
 0817     1.5243     1.7928     1.6162     145.78     6.0085     102.22
 0818     1.5285     1.7991     1.6162     145.02     6.0325     102.38
 0819     1.5335     1.7984     1.6227     143.85     6.0290     102.21
 0820     1.5305     1.7979     1.6275     142.60     6.0275     102.02
 0821     1.5420     1.7969     1.6363     144.94     6.0220     102.20
 0824     1.5493     1.7947     1.6410     143.96     6.0170     102.08
 0825     1.5507     1.7985     1.6395     144.94     6.0300     102.35
 0826     1.5630     1.8066     1.6385     144.43     6.0570     102.70
 0827     1.5770     1.7983     1.6405     142.20     6.0235     102.22
 0828     1.5692     1.7719     1.6720     142.55     5.9410     100.94
 0831     1.5745     1.7584     1.6760     140.90     5.9140     100.37
 0901     1.5535     1.7502     1.6740     136.23     5.8685      99.44
 0902     1.5385     1.7507     1.6686     137.76     5.8715      99.55
 0903     1.5395     1.7279     1.6762     134.82     5.7925      98.32
 0904     1.5265     1.7350     1.6720     133.99     5.8225      98.51
 0908     1.5263     1.7258     1.6581     132.10     5.7870      98.07
 0909     1.5210     1.7255     1.6620     136.45     5.7865      98.43
 0910     1.5145     1.6916     1.6816     134.32     5.6720      96.86
 0911     1.5130     1.6889     1.6847     131.05     5.6500      96.29
 0914     1.5164     1.7024     1.6775     133.22     5.7120      97.18
 0915     1.5020     1.6895     1.6742     133.05     5.6650      96.56
 0916     1.5038     1.6923     1.6758     134.92     5.6750      96.86
 0917     1.5255     1.6850     1.6840     131.88     5.6520      96.42
 0918     1.5295     1.6893     1.6835     132.63     5.6650      96.67
 0921     1.5267     1.6805     1.6845     133.40     5.6340      96.43
 0922     1.5295     1.6828     1.6837     135.20     5.6450      96.73
 0923     1.5280     1.6874     1.6798     136.45     5.6590      97.04
 0924     1.5120     1.6775     1.6945     135.33     5.6290      96.40
 0925     1.5128     1.6731     1.7023     135.10     5.6075      96.13
 0928     1.5106     1.6781     1.7040     135.70     5.6235      96.34
 0929     1.5012     1.6746     1.7068     133.90     5.6180      96.00
 0930     1.5262     1.6702     1.6995     136.59     5.5990      96.27
 1001     1.5364     1.6504     1.7045     135.75     5.5310      95.52
 1002     1.5505     1.6428     1.7026     135.60     5.5070      95.33
 1005     1.5570     1.6352     1.6901     134.54     5.4810      95.15
 1006     1.5520     1.6335     1.6833     131.15     5.4780      94.77
 1007     1.5288     1.6137     1.6968     123.97     5.4080      92.98
 1008     1.5435     1.6060     1.7222     118.85     5.3875      92.14
 1009     1.5460     1.6328     1.7030     117.00     5.4730      93.07
 1013     1.5485     1.6381     1.7015     118.85     5.4940      93.44
 1014     1.5465     1.6408     1.7055     119.27     5.5025      93.56
 1015     1.5463     1.6264     1.7028     117.50     5.4530      92.90
 1016     1.5430     1.6185     1.7030     115.45     5.4280      92.30
 1019     1.5490     1.6279     1.6995     114.46     5.4590      92.57
 1020     1.5390     1.6426     1.7060     118.09     5.5105      93.42
 1021     1.5550     1.6442     1.7005     116.85     5.5080      93.40
 1022     1.5433     1.6409     1.6950     117.88     5.5053      93.41
 1023     1.5445     1.6373     1.6900     118.06     5.4915      93.27
 1026     1.5450     1.6509     1.6830     118.84     5.5280      93.84
 1027     1.5395     1.6544     1.6722     118.60     5.5477      94.09
 1028     1.5420     1.6537     1.6720     117.56     5.5490      94.00
 1029     1.5497     1.6535     1.6758     117.30     5.5425      93.93
 1030     1.5432     1.6565     1.6735     116.45     5.5570      93.96
 1102     1.5325     1.6527     1.6652     114.52     5.5400      93.57
 1103     1.5240     1.6599     1.6577     115.50     5.5640      93.94
 1104     1.5247     1.6668     1.6588     116.55     5.5885      94.34
 1105     1.5175     1.6569     1.6630     117.45     5.5565      93.97
 1106     1.5315     1.6690     1.6580     118.73     5.5965      94.64
 1109     1.5350     1.6909     1.6585     121.98     5.6685      95.87
 1110     1.5460     1.6872     1.6580     122.88     5.6555      95.92
 1112     1.5493     1.6925     1.6568     122.77     5.6795      96.24
 1113     1.5525     1.6889     1.6635     122.68     5.6600      96.03
 1116     1.5550     1.6670     1.6755     119.70     5.5940      94.90
 1117     1.5487     1.6695     1.6775     121.30     5.5970        0  